0.434616
0.816667
0.879974
0.215421
0.886403
0.372093
0.728632
0.978029
0.337059
0.841093
0.975
0.787911
0.912205
1
0.76648
0.897482
1
0.908842
0.215119
0.882315
1
0.684211
1
0.408435
1
0.734513
1
0.965909
0.680374
0.923077
0.752022
1
0.967391
0.714286
0.84416
0.935374
0.992954
1
0.962998
0.749929
0.791667
0
1
0.920936
0.969136
1
0.316102
1
0.917231
0.872778
0.886905
1
1
0.796226
0.952
0.887696
0.96556
0.777651
0.9689
0.943182
0.879135
0.965241
1
1
0.711538
0.818533
0.834951
1
0.988154
0.830951
0.938382
0.998733
1
0.578887
1
1
0.959184
0.372439
0.975462
0.902174
0.910781
0.973812
1
0.342713
0.893617
0.87234
0.857143
1
0.925501
0.634989
1
1
1
1
0.952421
1
0.92233
0.77607
0.685134
0.833333
0.870133
0.923077
0.863093
0.810605
0.695652
0.857769
0.993007
1
0.931232
0.902555
0.98255
0.948766
1
0.791111
0.595918
0.964286
0.970149
0.987045
0.9375
0.303767
0.972222
0.868755
0.95468
0.847678
1
0.928439
0.963738
0.916944
0.97191
0.527273
0.930972
0.75
1
0.949705
0.83122
0.981673
0.738368
0.520758
0.276299
0.918958
0.662161
1
0.8498
0.496124
0.810454
0.951105
1
0.888889
0.617601
1
1
0.983636
0.900709
1
0.852941
0.810991
1
0.350365
1
0.910788
0.39198
0.993924
0.908805
0.964286
0.923077
0.857143
1
0.464912
0.7
0.892642
0.333333
0.967253
0.8
0.66863
0.909241
0.875426
0.956916
0.0690423
0.51576
0.900942
0.954241
0.907955
1
0.882771
1
0.666667
0.990566
0.940921
0.782609
0.97597
0.945369
1
0.670732
0.798644
0.955056
0.0724138
0.783662
0.957165
0.754625
0.870239
1
0.93115
0.573171
0.694444
0.711998
0.814545
0.982801
0.926039
0.2
0.986486
1
1
0.981013
1
0
0.982834
0.962309
0.740741
1
1
0.906086
0.845679
1
0.911473
1
1
0.72263
0.857143
0.557246
1
1
0.958497
0.980672
1
0.964286
0.971058
0.866228
0.909091
0.931577
0.537315
0.859016
0.954545
0.666667
0.853476
0.682609
0.805882
0.929296
0.727273
0.976959
0.996351
0.6
0.713695
1
0.911188
1
0.976085
1
1
0.730769
0.947155
0.882353
0.947034
0.989505
0.759183
0.626582
0.961846
0.628571
0.496002
0.649048
0.863636
0.843373
1
1
0.586643
0.966857
0.825585
0.157895
0.773956
0.886598
0.960632
0.776671
0.895735
0.842105
0.955593
1
0.890523
0.75
0.947802
1
0.755426
0.698168
1
1
1
1
1
0.936003
0.341023
0.875556
0.55
0.833333
1
0.884456
1
1
0.800452
0.844444
0.847273
1
0.238095
0.851044
0.958984
0.482274
0.884615
0.934866
0.637584
0.816344
0.875
0.864865
0.81239
0.993506
0.607656
0.777258
0.809816
0.660714
0.974249
0.954248
0.973913
0.929416
0.857143
1
0.904306
0.910384
0.978003
0.778724
1
0.856436
0.75
0.931818
0.65353
0.995002
0.983957
0.77931
0.886518
0.979177
0.255814
0.941025
0.847193
0.905181
0.627907
1
0.983719
0.904946
0.896293
0.822864
0.952652
0.629032
0.91573
0.952381
0.935078
0.923077
0.567568
0.513592
0.870315
0.995477
0.990415
0.994838
0.983942
0.990371
0.841567
1
0.588235
0.84097
0.947841
0.978639
0.685416
0.961538
0.961538
1
1
1
1
0.813187
0.769272
0.991312
1
0.834344
0.995122
1
1
0.666667
0.863027
0.96875
1
0.882871
1
0.875
0.845219
0.666667
0.916667
0.666667
0.948874
0.935718
1
0.942558
0.979948
1
1
0.486375
0.763158
0.467647
0.982158
1
0.256604
1
0.626305
1
0.75
0.929825
0.554517
0.868278
1
0.969033
0.790143
0.750351
0.714286
0.88806
0.868512
0.95122
0.839336
1
0.719168
0.996364
0.87069
0.979167
1
1
0.718232
0.666618
0.886047
0.699752
0.914027
0.853933
0.983125
0.912042
0.995074
1
0.960497
0.863918
0.992308
0.648968
1
0.859048
0.893044
1
0.96764
0.99537
0.914634
0.94332
0.714286
0.791338
0.885185
1
0.927592
0.951872
0.931017
0.229475
0.990423
0.670996
0.380952
0.95507
0.873874
0.428571
0.970173
0.865741
0.942002
0.596774
0.37234
0.631579
1
0.828539
0.995952
0.988722
0.772434
1
1
0.972275
0.96997
1
0.631474
0
1
0.25
1
0.84375
0.395522
1
1
0.505384
0.525692
0.441453
0.747401
0.889797
0.884615
0.956522
