24226
60
9198
71511
8583
129
27214
3277
22097
3329
40
943
22040
0
895
2780
44
2194
122374
7673
68
19
14
1802
5
2373
10
88
535
13
371
13
2944
91
15702
8526
113689
13
117157
63310
48
11
62
1581
162
3
2186
27
7527
2531
168
15
5
265
125
85349
1597
20135
418
352
786
374
0
17
52
259
103
4
2448
13014
18079
789
592
8696
3
37
49
537
10433
92
807
25813
14
23562
47
47
49
0
349
463
0
0
0
0
1177
0
103
1496
1083
72
15308
260
156091
9467
23
5702
143
5
21129
1683
745
48230
89
225
245
28
804
60209
16
8309
72
53183
2030
8784
0
5394
717
301
178
110
10532
4
2
2207
4023
140883
72835
25436
789
691
26557
0
8249
129
3788
185644
10
72
1284
0
0
6111
705
24
170
88964
17
137
2
1928
3541
3456
636
28
13
14
0
114
10
829
3
184813
30
7979
606
255319
32170
449
46795
4563
5682
12885
0
16182
5
15
106
10359
46
541
1922
19
82
160209
356
290
144533
87731
6594
2258
87
16732
82
36
4434
1100
96050
1974
10
74
71
4
158
0
5
13573
6792
27
0
0
5899
324
1
3931
36
18
5718
35
2760
70
32
128640
22403
0
196
1002
456
11
2733
124761
305
22
15
935
460
170
9561
11
2387
66052
10
41620
0
3164
49
1129
61
8
208
9613
17
472
667
8467
158
3381
70
4502
145789
44
83
0
0
554
17832
6668
19
407
97
11710
6327
211
38
6598
151
4896
220
364
1
5990
5460
16
5
1
4
4
4844
41267
675
20
6
0
3609
21
14
3979
180
550
0
42
1054
512
3413
52
522
149
1187
48
37
4552
308
209
3632
163
280
2563
153
115
5667
14
33
209
27484
15684
5283
18
1616
4
44
609
6003
187
6670
2952
13783
172
5833
2886
1023
1161
0
3931
2325
4532
10698
2112
62
178
21
19223
13
111
52606
1681
28299
9911
84270
6850
55355
1174
0
17
4081
20035
212167
4018
78
182
18
25
25
21
546
3775
41320
0
5276
205
177
2
3
3205
32
114
11705
2
16
92537
3
60
3
1643
6207
2
16782
6583
5
8
33359
38
340
50891
7
265
15
1916
72
12
57
321
18000
31
1324
629
11380
21
134
164965
123
7469
1
673
82772
348
48
332
2
543
122424
7038
403
221
89
8474
4775
203
12
44402
58832
130
339
221
2774
9733
30
7262
216
164
494
14
7735
180351
20
34292
187
7799
25981
98364
1617
63
16292
888
7
1274
216
1069
62
94
19
12
1773
14080
266
47907
194
20
13237
1998
4
502
1
0
4
25
32
268
22
0
1486
506
25552
1924
81640
26
23
